  0.0000    2    4.000   1.0000             2
  4.0000    2    4.000   1.0000             2
  8.0000    0    2.000   1.0000          NULL 
 10.0000    2    4.000   1.0000             2
 14.0000    0    2.000   1.0000          NULL 
 16.0000    1    4.000   1.0000             1
 20.0000    1    4.000   1.0000             1
 24.0000    2    4.000   1.0000             2
 28.0000    0    2.000   1.0000          NULL 
 30.0000    2    4.000   1.0000             2
 34.0000    2    4.000   1.0000             2
 38.0000    1    4.000   1.0000             1
 42.0000    0   10.000   1.0000          NULL 
 52.0000    1    4.000   1.0000             1
 56.0000    0    4.000   1.0000          NULL 
 60.0000    1    4.000   1.0000             1
 64.0000    1    4.000   1.0000             1
 68.0000    0    2.000   1.0000          NULL 
 70.0000    1    4.000   1.0000             1
 74.0000    0    2.000   1.0000          NULL 
 76.0000    2    4.000   1.0000             2
 80.0000    0    4.000   1.0000          NULL 
 84.0000    2    4.000   1.0000             2
 88.0000    1    4.000   1.0000             1
