  0.0000    2    4.000   1.0000             2
  4.0000    1    4.000   1.0000             1
  8.0000    0    6.000   1.0000          NULL 
 14.0000    1    4.000   1.0000             1
 18.0000    1    4.000   1.0000             1
 22.0000    1    4.000   1.0000             1
 26.0000    0    2.000   1.0000          NULL 
 28.0000    1    4.000   1.0000             1
 32.0000    2    4.000   1.0000             2
 36.0000    0    4.000   1.0000          NULL 
 40.0000    1    4.000   1.0000             1
 44.0000    0    2.000   1.0000          NULL 
 46.0000    2    4.000   1.0000             2
 50.0000    0    8.000   1.0000          NULL 
 58.0000    2    4.000   1.0000             2
 62.0000    2    4.000   1.0000             2
 66.0000    0    2.000   1.0000          NULL 
 68.0000    1    4.000   1.0000             1
 72.0000    0    4.000   1.0000          NULL 
 76.0000    2    4.000   1.0000             2
 80.0000    2    4.000   1.0000             2
 84.0000    1    4.000   1.0000             1
 88.0000    2    4.000   1.0000             2
