  0.0000    1    4.000   1.0000             1
  4.0000    1    4.000   1.0000             1
  8.0000    0    2.000   1.0000          NULL 
 10.0000    2    4.000   1.0000             2
 14.0000    0    2.000   1.0000          NULL 
 16.0000    2    4.000   1.0000             2
 20.0000    0    2.000   1.0000          NULL 
 22.0000    1    4.000   1.0000             1
 26.0000    2    4.000   1.0000             2
 30.0000    2    4.000   1.0000             2
 34.0000    0    4.000   1.0000          NULL 
 38.0000    2    4.000   1.0000             2
 42.0000    1    4.000   1.0000             1
 46.0000    1    4.000   1.0000             1
 50.0000    2    4.000   1.0000             2
 54.0000    1    4.000   1.0000             1
 58.0000    1    4.000   1.0000             1
 62.0000    0    6.000   1.0000          NULL 
 68.0000    1    4.000   1.0000             1
 72.0000    2    4.000   1.0000             2
 76.0000    2    4.000   1.0000             2
