  0.0000    1    4.000   1.0000             1
  4.0000    2    4.000   1.0000             2
  8.0000    1    4.000   1.0000             1
 12.0000    2    4.000   1.0000             2
 16.0000    0    4.000   1.0000          NULL 
 20.0000    1    4.000   1.0000             1
 24.0000    1    4.000   1.0000             1
 28.0000    1    4.000   1.0000             1
 32.0000    0    2.000   1.0000          NULL 
 34.0000    2    4.000   1.0000             2
 38.0000    2    4.000   1.0000             2
 42.0000    0    2.000   1.0000          NULL 
 44.0000    2    4.000   1.0000             2
 48.0000    1    4.000   1.0000             1
 52.0000    0    4.000   1.0000          NULL 
 56.0000    2    4.000   1.0000             2
 60.0000    0    2.000   1.0000          NULL 
 62.0000    1    4.000   1.0000             1
 66.0000    0    2.000   1.0000          NULL 
 68.0000    2    4.000   1.0000             2
 72.0000    1    4.000   1.0000             1
 76.0000    2    4.000   1.0000             2
