  0.0000    1    4.000   1.0000             1
  4.0000    0    2.000   1.0000          NULL 
  6.0000    2    4.000   1.0000             2
 10.0000    2    4.000   1.0000             2
 14.0000    0    4.000   1.0000          NULL 
 18.0000    2    4.000   1.0000             2
 22.0000    0    2.000   1.0000          NULL 
 24.0000    2    4.000   1.0000             2
 28.0000    1    4.000   1.0000             1
 32.0000    0    4.000   1.0000          NULL 
 36.0000    1    4.000   1.0000             1
 40.0000    1    4.000   1.0000             1
 44.0000    1    4.000   1.0000             1
 48.0000    0    4.000   1.0000          NULL 
 52.0000    2    4.000   1.0000             2
 56.0000    0    4.000   1.0000          NULL 
 60.0000    1    4.000   1.0000             1
 64.0000    2    4.000   1.0000             2
 68.0000    0    6.000   1.0000          NULL 
 74.0000    2    4.000   1.0000             2
 78.0000    0    2.000   1.0000          NULL 
 80.0000    1    4.000   1.0000             1
 84.0000    2    4.000   1.0000             2
 88.0000    1    4.000   1.0000             1
