  0.0000    2    4.000   1.0000             2
  4.0000    0    2.000   1.0000          NULL 
  6.0000    1    4.000   1.0000             1
 10.0000    0    6.000   1.0000          NULL 
 16.0000    1    4.000   1.0000             1
 20.0000    2    4.000   1.0000             2
 24.0000    1    4.000   1.0000             1
 28.0000    0    2.000   1.0000          NULL 
 30.0000    1    4.000   1.0000             1
 34.0000    1    4.000   1.0000             1
 38.0000    2    4.000   1.0000             2
 42.0000    2    4.000   1.0000             2
 46.0000    0    4.000   1.0000          NULL 
 50.0000    2    4.000   1.0000             2
 54.0000    1    4.000   1.0000             1
 58.0000    0    2.000   1.0000          NULL 
 60.0000    2    4.000   1.0000             2
 64.0000    2    4.000   1.0000             2
 68.0000    1    4.000   1.0000             1
 72.0000    1    4.000   1.0000             1
 76.0000    2    4.000   1.0000             2
