  0.0000    2    4.000   1.0000             2
  4.0000    0    4.000   1.0000          NULL 
  8.0000    2    4.000   1.0000             2
 12.0000    0    2.000   1.0000          NULL 
 14.0000    1    4.000   1.0000             1
 18.0000    2    4.000   1.0000             2
 22.0000    2    4.000   1.0000             2
 26.0000    0    2.000   1.0000          NULL 
 28.0000    2    4.000   1.0000             2
 32.0000    1    4.000   1.0000             1
 36.0000    1    4.000   1.0000             1
 40.0000    1    4.000   1.0000             1
 44.0000    0    4.000   1.0000          NULL 
 48.0000    1    4.000   1.0000             1
 52.0000    2    4.000   1.0000             2
 56.0000    1    4.000   1.0000             1
 60.0000    0    8.000   1.0000          NULL 
 68.0000    1    4.000   1.0000             1
 72.0000    0    2.000   1.0000          NULL 
 74.0000    2    4.000   1.0000             2
 78.0000    1    4.000   1.0000             1
 82.0000    0    6.000   1.0000          NULL 
 88.0000    2    4.000   1.0000             2
