  0.0000    1    4.000   1.0000             1
  4.0000    1    4.000   1.0000             1
  8.0000    2    4.000   1.0000             2
 12.0000    0    4.000   1.0000          NULL 
 16.0000    2    4.000   1.0000             2
 20.0000    0    2.000   1.0000          NULL 
 22.0000    2    4.000   1.0000             2
 26.0000    1    4.000   1.0000             1
 30.0000    2    4.000   1.0000             2
 34.0000    2    4.000   1.0000             2
 38.0000    0    2.000   1.0000          NULL 
 40.0000    1    4.000   1.0000             1
 44.0000    2    4.000   1.0000             2
 48.0000    1    4.000   1.0000             1
 52.0000    0    4.000   1.0000          NULL 
 56.0000    1    4.000   1.0000             1
 60.0000    1    4.000   1.0000             1
 64.0000    0    4.000   1.0000          NULL 
 68.0000    2    4.000   1.0000             2
 72.0000    2    4.000   1.0000             2
 76.0000    1    4.000   1.0000             1
