  0.0000    1    4.000   1.0000             1
  4.0000    1    4.000   1.0000             1
  8.0000    0    6.000   1.0000          NULL 
 14.0000    1    4.000   1.0000             1
 18.0000    2    4.000   1.0000             2
 22.0000    1    4.000   1.0000             1
 26.0000    1    4.000   1.0000             1
 30.0000    0    8.000   1.0000          NULL 
 38.0000    1    4.000   1.0000             1
 42.0000    2    4.000   1.0000             2
 46.0000    2    4.000   1.0000             2
 50.0000    0    4.000   1.0000          NULL 
 54.0000    2    4.000   1.0000             2
 58.0000    0    2.000   1.0000          NULL 
 60.0000    1    4.000   1.0000             1
 64.0000    0    2.000   1.0000          NULL 
 66.0000    2    4.000   1.0000             2
 70.0000    2    4.000   1.0000             2
 74.0000    0    2.000   1.0000          NULL 
 76.0000    1    4.000   1.0000             1
 80.0000    2    4.000   1.0000             2
 84.0000    0    4.000   1.0000          NULL 
 88.0000    2    4.000   1.0000             2
