  0.0000    2    4.000   1.0000             2
  4.0000    1    4.000   1.0000             1
  8.0000    2    4.000   1.0000             2
 12.0000    0    2.000   1.0000          NULL 
 14.0000    1    4.000   1.0000             1
 18.0000    2    4.000   1.0000             2
 22.0000    2    4.000   1.0000             2
 26.0000    0    4.000   1.0000          NULL 
 30.0000    2    4.000   1.0000             2
 34.0000    0    2.000   1.0000          NULL 
 36.0000    1    4.000   1.0000             1
 40.0000    1    4.000   1.0000             1
 44.0000    0    4.000   1.0000          NULL 
 48.0000    1    4.000   1.0000             1
 52.0000    0    2.000   1.0000          NULL 
 54.0000    1    4.000   1.0000             1
 58.0000    0    4.000   1.0000          NULL 
 62.0000    2    4.000   1.0000             2
 66.0000    2    4.000   1.0000             2
 70.0000    0    4.000   1.0000          NULL 
 74.0000    1    4.000   1.0000             1
 78.0000    0    4.000   1.0000          NULL 
 82.0000    1    4.000   1.0000             1
 86.0000    0    2.000   1.0000          NULL 
 88.0000    2    4.000   1.0000             2
