  0.0000    2    4.000   1.0000             2
  4.0000    1    4.000   1.0000             1
  8.0000    0    2.000   1.0000          NULL 
 10.0000    1    4.000   1.0000             1
 14.0000    0    2.000   1.0000          NULL 
 16.0000    2    4.000   1.0000             2
 20.0000    0    4.000   1.0000          NULL 
 24.0000    2    4.000   1.0000             2
 28.0000    2    4.000   1.0000             2
 32.0000    0    2.000   1.0000          NULL 
 34.0000    1    4.000   1.0000             1
 38.0000    0    6.000   1.0000          NULL 
 44.0000    1    4.000   1.0000             1
 48.0000    1    4.000   1.0000             1
 52.0000    2    4.000   1.0000             2
 56.0000    0    2.000   1.0000          NULL 
 58.0000    2    4.000   1.0000             2
 62.0000    0    4.000   1.0000          NULL 
 66.0000    2    4.000   1.0000             2
 70.0000    1    4.000   1.0000             1
 74.0000    0    4.000   1.0000          NULL 
 78.0000    1    4.000   1.0000             1
 82.0000    2    4.000   1.0000             2
 86.0000    0    2.000   1.0000          NULL 
 88.0000    1    4.000   1.0000             1
