  0.0000    2    4.000   1.0000             2
  4.0000    2    4.000   1.0000             2
  8.0000    1    4.000   1.0000             1
 12.0000    0    4.000   1.0000          NULL 
 16.0000    2    4.000   1.0000             2
 20.0000    1    4.000   1.0000             1
 24.0000    2    4.000   1.0000             2
 28.0000    2    4.000   1.0000             2
 32.0000    2    4.000   1.0000             2
 36.0000    0    2.000   1.0000          NULL 
 38.0000    2    4.000   1.0000             2
 42.0000    0    2.000   1.0000          NULL 
 44.0000    1    4.000   1.0000             1
 48.0000    1    4.000   1.0000             1
 52.0000    0    4.000   1.0000          NULL 
 56.0000    1    4.000   1.0000             1
 60.0000    1    4.000   1.0000             1
 64.0000    1    4.000   1.0000             1
 68.0000    0    2.000   1.0000          NULL 
 70.0000    1    4.000   1.0000             1
 74.0000    2    4.000   1.0000             2
 78.0000    0    2.000   1.0000          NULL 
