  0.0000    2    4.000   1.0000             2
  4.0000    2    4.000   1.0000             2
  8.0000    1    4.000   1.0000             1
 12.0000    2    4.000   1.0000             2
 16.0000    2    4.000   1.0000             2
 20.0000    0    2.000   1.0000          NULL 
 22.0000    1    4.000   1.0000             1
 26.0000    0    2.000   1.0000          NULL 
 28.0000    1    4.000   1.0000             1
 32.0000    1    4.000   1.0000             1
 36.0000    0    4.000   1.0000          NULL 
 40.0000    2    4.000   1.0000             2
 44.0000    1    4.000   1.0000             1
 48.0000    2    4.000   1.0000             2
 52.0000    0    2.000   1.0000          NULL 
 54.0000    2    4.000   1.0000             2
 58.0000    0    4.000   1.0000          NULL 
 62.0000    1    4.000   1.0000             1
 66.0000    2    4.000   1.0000             2
 70.0000    1    4.000   1.0000             1
 74.0000    1    4.000   1.0000             1
 78.0000    0    2.000   1.0000          NULL 
