  0.0000    1    4.000   1.0000             1
  4.0000    2    4.000   1.0000             2
  8.0000    2    4.000   1.0000             2
 12.0000    1    4.000   1.0000             1
 16.0000    0    2.000   1.0000          NULL 
 18.0000    1    4.000   1.0000             1
 22.0000    1    4.000   1.0000             1
 26.0000    1    4.000   1.0000             1
 30.0000    0    4.000   1.0000          NULL 
 34.0000    2    4.000   1.0000             2
 38.0000    0    2.000   1.0000          NULL 
 40.0000    2    4.000   1.0000             2
 44.0000    2    4.000   1.0000             2
 48.0000    2    4.000   1.0000             2
 52.0000    0    4.000   1.0000          NULL 
 56.0000    1    4.000   1.0000             1
 60.0000    2    4.000   1.0000             2
 64.0000    0    4.000   1.0000          NULL 
 68.0000    1    4.000   1.0000             1
 72.0000    1    4.000   1.0000             1
 76.0000    2    4.000   1.0000             2
