  0.0000    1    4.000   1.0000             1
  4.0000    2    4.000   1.0000             2
  8.0000    0    2.000   1.0000          NULL 
 10.0000    1    4.000   1.0000             1
 14.0000    0    4.000   1.0000          NULL 
 18.0000    2    4.000   1.0000             2
 22.0000    1    4.000   1.0000             1
 26.0000    1    4.000   1.0000             1
 30.0000    0    6.000   1.0000          NULL 
 36.0000    1    4.000   1.0000             1
 40.0000    0    2.000   1.0000          NULL 
 42.0000    2    4.000   1.0000             2
 46.0000    2    4.000   1.0000             2
 50.0000    2    4.000   1.0000             2
 54.0000    0    4.000   1.0000          NULL 
 58.0000    1    4.000   1.0000             1
 62.0000    2    4.000   1.0000             2
 66.0000    0    4.000   1.0000          NULL 
 70.0000    2    4.000   1.0000             2
 74.0000    1    4.000   1.0000             1
 78.0000    0    2.000   1.0000          NULL 
 80.0000    1    4.000   1.0000             1
 84.0000    0    2.000   1.0000          NULL 
 86.0000    2    4.000   1.0000             2
 90.0000    0    2.000   1.0000          NULL 
