  0.0000    2    4.000   1.0000             2
  4.0000    0    2.000   1.0000          NULL 
  6.0000    2    4.000   1.0000             2
 10.0000    2    4.000   1.0000             2
 14.0000    1    4.000   1.0000             1
 18.0000    2    4.000   1.0000             2
 22.0000    2    4.000   1.0000             2
 26.0000    0    2.000   1.0000          NULL 
 28.0000    1    4.000   1.0000             1
 32.0000    1    4.000   1.0000             1
 36.0000    2    4.000   1.0000             2
 40.0000    1    4.000   1.0000             1
 44.0000    0    8.000   1.0000          NULL 
 52.0000    1    4.000   1.0000             1
 56.0000    0    2.000   1.0000          NULL 
 58.0000    1    4.000   1.0000             1
 62.0000    1    4.000   1.0000             1
 66.0000    0    6.000   1.0000          NULL 
 72.0000    2    4.000   1.0000             2
 76.0000    0    4.000   1.0000          NULL 
 80.0000    1    4.000   1.0000             1
 84.0000    0    2.000   1.0000          NULL 
 86.0000    2    4.000   1.0000             2
 90.0000    0    2.000   1.0000          NULL 
