  0.0000    2    4.000   1.0000             2
  4.0000    1    4.000   1.0000             1
  8.0000    1    4.000   1.0000             1
 12.0000    2    4.000   1.0000             2
 16.0000    2    4.000   1.0000             2
 20.0000    0    2.000   1.0000          NULL 
 22.0000    1    4.000   1.0000             1
 26.0000    0    6.000   1.0000          NULL 
 32.0000    2    4.000   1.0000             2
 36.0000    1    4.000   1.0000             1
 40.0000    2    4.000   1.0000             2
 44.0000    0    2.000   1.0000          NULL 
 46.0000    2    4.000   1.0000             2
 50.0000    0    4.000   1.0000          NULL 
 54.0000    1    4.000   1.0000             1
 58.0000    1    4.000   1.0000             1
 62.0000    0    4.000   1.0000          NULL 
 66.0000    1    4.000   1.0000             1
 70.0000    0    6.000   1.0000          NULL 
 76.0000    1    4.000   1.0000             1
 80.0000    2    4.000   1.0000             2
 84.0000    0    4.000   1.0000          NULL 
 88.0000    2    4.000   1.0000             2
