  0.0000    2    4.000   1.0000             2
  4.0000    0    2.000   1.0000          NULL 
  6.0000    1    4.000   1.0000             1
 10.0000    0    6.000   1.0000          NULL 
 16.0000    1    4.000   1.0000             1
 20.0000    1    4.000   1.0000             1
 24.0000    0    4.000   1.0000          NULL 
 28.0000    1    4.000   1.0000             1
 32.0000    2    4.000   1.0000             2
 36.0000    2    4.000   1.0000             2
 40.0000    0    2.000   1.0000          NULL 
 42.0000    2    4.000   1.0000             2
 46.0000    0    2.000   1.0000          NULL 
 48.0000    2    4.000   1.0000             2
 52.0000    1    4.000   1.0000             1
 56.0000    0    2.000   1.0000          NULL 
 58.0000    2    4.000   1.0000             2
 62.0000    2    4.000   1.0000             2
 66.0000    0    4.000   1.0000          NULL 
 70.0000    2    4.000   1.0000             2
 74.0000    1    4.000   1.0000             1
 78.0000    1    4.000   1.0000             1
 82.0000    0    6.000   1.0000          NULL 
 88.0000    1    4.000   1.0000             1
