  0.0000    2    4.000   1.0000             2
  4.0000    2    4.000   1.0000             2
  8.0000    0    4.000   1.0000          NULL 
 12.0000    2    4.000   1.0000             2
 16.0000    1    4.000   1.0000             1
 20.0000    2    4.000   1.0000             2
 24.0000    0    4.000   1.0000          NULL 
 28.0000    2    4.000   1.0000             2
 32.0000    2    4.000   1.0000             2
 36.0000    0    2.000   1.0000          NULL 
 38.0000    1    4.000   1.0000             1
 42.0000    2    4.000   1.0000             2
 46.0000    1    4.000   1.0000             1
 50.0000    0    4.000   1.0000          NULL 
 54.0000    1    4.000   1.0000             1
 58.0000    0    2.000   1.0000          NULL 
 60.0000    1    4.000   1.0000             1
 64.0000    1    4.000   1.0000             1
 68.0000    2    4.000   1.0000             2
 72.0000    1    4.000   1.0000             1
 76.0000    1    4.000   1.0000             1
