  0.0000    1    4.000   1.0000             1
  4.0000    2    4.000   1.0000             2
  8.0000    1    4.000   1.0000             1
 12.0000    0    2.000   1.0000          NULL 
 14.0000    1    4.000   1.0000             1
 18.0000    1    4.000   1.0000             1
 22.0000    0    4.000   1.0000          NULL 
 26.0000    1    4.000   1.0000             1
 30.0000    0    2.000   1.0000          NULL 
 32.0000    2    4.000   1.0000             2
 36.0000    2    4.000   1.0000             2
 40.0000    2    4.000   1.0000             2
 44.0000    0    4.000   1.0000          NULL 
 48.0000    2    4.000   1.0000             2
 52.0000    1    4.000   1.0000             1
 56.0000    2    4.000   1.0000             2
 60.0000    0    4.000   1.0000          NULL 
 64.0000    2    4.000   1.0000             2
 68.0000    1    4.000   1.0000             1
 72.0000    1    4.000   1.0000             1
 76.0000    2    4.000   1.0000             2
