  0.0000    2    4.000   1.0000             2
  4.0000    0    2.000   1.0000          NULL 
  6.0000    2    4.000   1.0000             2
 10.0000    2    4.000   1.0000             2
 14.0000    0    4.000   1.0000          NULL 
 18.0000    1    4.000   1.0000             1
 22.0000    2    4.000   1.0000             2
 26.0000    1    4.000   1.0000             1
 30.0000    2    4.000   1.0000             2
 34.0000    0    2.000   1.0000          NULL 
 36.0000    1    4.000   1.0000             1
 40.0000    0    2.000   1.0000          NULL 
 42.0000    1    4.000   1.0000             1
 46.0000    0    8.000   1.0000          NULL 
 54.0000    1    4.000   1.0000             1
 58.0000    1    4.000   1.0000             1
 62.0000    0    2.000   1.0000          NULL 
 64.0000    2    4.000   1.0000             2
 68.0000    1    4.000   1.0000             1
 72.0000    0    2.000   1.0000          NULL 
 74.0000    1    4.000   1.0000             1
 78.0000    0    4.000   1.0000          NULL 
 82.0000    2    4.000   1.0000             2
 86.0000    0    2.000   1.0000          NULL 
 88.0000    2    4.000   1.0000             2
