  0.0000    1    4.000   1.0000             1
  4.0000    2    4.000   1.0000             2
  8.0000    0    4.000   1.0000          NULL 
 12.0000    2    4.000   1.0000             2
 16.0000    0    2.000   1.0000          NULL 
 18.0000    1    4.000   1.0000             1
 22.0000    0    2.000   1.0000          NULL 
 24.0000    1    4.000   1.0000             1
 28.0000    0    6.000   1.0000          NULL 
 34.0000    1    4.000   1.0000             1
 38.0000    0    2.000   1.0000          NULL 
 40.0000    2    4.000   1.0000             2
 44.0000    2    4.000   1.0000             2
 48.0000    1    4.000   1.0000             1
 52.0000    2    4.000   1.0000             2
 56.0000    2    4.000   1.0000             2
 60.0000    0    6.000   1.0000          NULL 
 66.0000    2    4.000   1.0000             2
 70.0000    0    2.000   1.0000          NULL 
 72.0000    1    4.000   1.0000             1
 76.0000    1    4.000   1.0000             1
 80.0000    2    4.000   1.0000             2
 84.0000    1    4.000   1.0000             1
 88.0000    0    4.000   1.0000          NULL 
