  0.0000    1    4.000   1.0000             1
  4.0000    2    4.000   1.0000             2
  8.0000    0    2.000   1.0000          NULL 
 10.0000    2    4.000   1.0000             2
 14.0000    0    4.000   1.0000          NULL 
 18.0000    2    4.000   1.0000             2
 22.0000    2    4.000   1.0000             2
 26.0000    0    2.000   1.0000          NULL 
 28.0000    1    4.000   1.0000             1
 32.0000    0    4.000   1.0000          NULL 
 36.0000    1    4.000   1.0000             1
 40.0000    1    4.000   1.0000             1
 44.0000    0    2.000   1.0000          NULL 
 46.0000    1    4.000   1.0000             1
 50.0000    0   10.000   1.0000          NULL 
 60.0000    2    4.000   1.0000             2
 64.0000    0    4.000   1.0000          NULL 
 68.0000    2    4.000   1.0000             2
 72.0000    1    4.000   1.0000             1
 76.0000    1    4.000   1.0000             1
 80.0000    2    4.000   1.0000             2
 84.0000    2    4.000   1.0000             2
 88.0000    1    4.000   1.0000             1
