  0.0000    2    4.000   1.0000             2
  4.0000    1    4.000   1.0000             1
  8.0000    0    2.000   1.0000          NULL 
 10.0000    2    4.000   1.0000             2
 14.0000    2    4.000   1.0000             2
 18.0000    2    4.000   1.0000             2
 22.0000    0    4.000   1.0000          NULL 
 26.0000    2    4.000   1.0000             2
 30.0000    0    4.000   1.0000          NULL 
 34.0000    1    4.000   1.0000             1
 38.0000    2    4.000   1.0000             2
 42.0000    2    4.000   1.0000             2
 46.0000    0    2.000   1.0000          NULL 
 48.0000    1    4.000   1.0000             1
 52.0000    1    4.000   1.0000             1
 56.0000    0    4.000   1.0000          NULL 
 60.0000    1    4.000   1.0000             1
 64.0000    1    4.000   1.0000             1
 68.0000    1    4.000   1.0000             1
 72.0000    2    4.000   1.0000             2
 76.0000    1    4.000   1.0000             1
